# Camera information for left camera only
# Camera calibration parameters from XML calibration file

camera_left:
  # Image dimensions (from XML size tag)
  image_width: 2048
  image_height: 1536
  
  # Camera IP (required for strict IP matching)
  # Example: "192.168.1.103"
  ip: "192.168.1.103"
  
  # Camera matrix (3x3) - from XML M1 matrix
  # [fx,  0, cx]
  # [ 0, fy, cy]
  # [ 0,  0,  1]
  camera_matrix:
    rows: 3
    cols: 3
    data: [1819.91681873882,  0.000000000000000,  1036.72707591483,
           0.000000000000000, 1819.42377906575,    775.315566125964,
           0.000000000000000, 0.000000000000000, 1.000000000000000]
  
  # Distortion coefficients (k1, k2, p1, p2, k3) - from XML D1 matrix
  distortion_coefficients:
    rows: 1
    cols: 5
    data: [-0.0817714025194004,0.210928196816596,0.00000750453050575528,0.000721585422154691, 0.000000000000000]
  
  # Rectification matrix (3x3) - identity for single camera
  rectification_matrix:
    rows: 3
    cols: 3
    data: [1.0, 0.0, 0.0,
           0.0, 1.0, 0.0,
           0.0, 0.0, 1.0]
  
  # Projection matrix (3x4) - same as camera matrix for single camera
  # [fx',  0, cx', Tx]
  # [ 0, fy', cy', Ty]
  # [ 0,   0,  1,   0]
  projection_matrix:
    rows: 3
    cols: 4
    data: [1819.91681873882,  0.000000000000000,  1036.72707591483,0.0000000000000,
           0.000000000000000, 1819.42377906575,    775.315566125964,0.0000000000000,
           0.000000000000000, 0.000000000000000, 1.000000000000000,0.0000000000000]

  # Optional CameraInfo fields
  binning_x: 1
  binning_y: 1
  roi:
    x_offset: 256
    y_offset: 192
    height: 1152
    width: 1536
    do_rectify: true
  
  # Distortion model
  distortion_model: "plumb_bob"
